K:
bspline_curve(100, [0 0 0 1 1 2 2 3 3 4 5 5 5], [
    0 3;
    0 0;
    0 0;
    0 1.5;
    0 1.5;
    1.5 3;
    1.5 3;
    0 1.5;
    0 1.5;
    1.5 0
])

bspline_curve3D(100, [0 0 0 1 1 2 2 3 3 4 5 5 5], [
    0 3 0;
    0 0 0;
    0 0 0;
    0 1.5 0;
    0 1.5 0;
    1.5 3 0;
    1.5 3 0;
    0 1.5 0;
    0 1.5 0;
    1.5 0 0
])


G:
bspline_curve(100, [0 0 0 1 2 3 4 5 5 5], [
    1 1.5;
    1.5 1.5;
    1.5 1.5;
    1.5 0;
    0 0;
    0 3;
    1.5 2.5
])

bspline_curve3D(100, [0 0 0 1 2 3 4 5 5 5], [
    1 1.5 0;
    1.5 1.5 0;
    1.5 1.5 0;
    1.5 0 0;
    0 0 0;
    0 3 0;
    1.5 2.5 0
])